Webots Project File version R2020b
perspectives: 000000ff00000000fd00000003000000000000031300000298fc0100000002fb0000001e00480074006d006c0052006f0062006f007400570069006e0064006f00770000000000000003130000000000000000fb0000001a0044006f00630075006d0065006e0074006100740069006f006e0000000000ffffffff0000005400ffffff0000000100000118000001bafc0200000001fb0000001400540065007800740045006400690074006f00720000000015000001ba0000003e00ffffff000000030000023d000000d8fc0100000001fb0000001a0043006f006e0073006f006c00650041006c006c0041006c006c01000003190000023d0000000000000000000005560000029800000001000000020000000100000008fc00000000
simulationViewPerspectives: 000000ff000000010000000200000118000000900100000006010000000100
sceneTreePerspectives: 000000ff0000000100000002000000c8000000fc0100000006010000000200
minimizedPerspectives: 000000ff00000000fd00000003000000000000031300000298fc0100000002fb0000001a0044006f00630075006d0065006e0074006100740069006f006e0000000000000000140000005400fffffffb0000001e00480074006d006c0052006f0062006f007400570069006e0064006f00770100000000000003130000005400ffffff0000000100000118000001bafc0200000001fb0000001400540065007800740045006400690074006f00720100000015000001ba0000003e00ffffff000000030000023d000000d8fc0100000001fb0000001a0043006f006e0073006f006c00650041006c006c0041006c006c01000003190000023d0000005400ffffff0000011f000001ba00000001000000020000000100000008fc00000000
maximizedDockId: 0
centralWidgetVisible: 1
orthographicViewHeight: 1
textFiles: -1
renderingDevicePerspectives: e-puck:camera;1;1;0.00255428;1.41287e-08
